13
0 114405696 659964777 927060512 546223887 742968574 79958119 750647513 997298860 904737321 350288793 56523584 539584371 929307753 83158306 765310722 966202878 204539347 506932848 589329109 888357767 15349755 814779102 87814187 709604697 345934876
114405696 0 632226202 793834412 357598831 131222796 2964565 20894427 31147521 912802776 130990374 783788602 309919897 45731051 602834880 341369019 913925188 465285596 380928742 86707741 793092447 46994304 327159237 853462276 31521897 114064618
659964777 632226202 0 413573521 245401862 225633997 803670751 614042118 401636716 637978851 567410749 551003150 702670610 638220445 562185440 513020932 315540325 973084158 444279949 106752319 896590682 980699721 196987641 538332582 5680377 664294420
927060512 793834412 413573521 0 688546241 826190808 242047591 921164113 982290445 489810894 824844523 102273570 390374286 892720766 509422658 904864437 177743720 821519972 810814064 64058326 385794039 617095996 292570955 627140748 782831370 742802784
546223887 357598831 245401862 688546241 0 871482226 977334343 347279032 433856907 353545903 714541140 432501036 110235749 763895242 515425457 99916085 335218605 604610576 277713106 481489681 243939646 468161807 952994285 11816227 922394754 625293334
742968574 131222796 225633997 826190808 871482226 0 697039707 979405961 108928900 859264618 406839275 681314221 56286314 243502766 5870508 504973048 673489253 855653238 5719382 889286983 933662045 388246663 869952626 944374654 44168243 751977377
79958119 2964565 803670751 242047591 977334343 697039707 0 12343134 791178358 976051720 330253229 775457044 834060083 742451090 571951389 73231280 193192670 681362677 278852622 122607782 398014336 395379898 896930331 455568634 14543856 756658308
750647513 20894427 614042118 921164113 347279032 979405961 12343134 0 899712750 325686337 621232377 31786487 993019659 859379888 505471206 506769491 344986511 848304185 205001739 544507346 176156489 768407321 716766966 211334706 449834052 551141409
997298860 31147521 401636716 982290445 433856907 108928900 791178358 899712750 0 388146697 362106617 41721649 424519625 254486664 197361147 210653416 340223835 362583838 655295564 137691679 696606096 400979510 32375088 960342212 400376631 891644493
904737321 912802776 637978851 489810894 353545903 859264618 976051720 325686337 388146697 0 637468682 633066440 367735035 874725782 160368515 706752992 597009984 463319699 351581216 890994279 834628559 2923485 50158616 520939790 917663476 878454485
350288793 130990374 567410749 824844523 714541140 406839275 330253229 621232377 362106617 637468682 0 372108919 730901910 369630229 480607491 784846874 943504887 527298975 650017819 250484665 202858902 198295339 232393869 185032157 442640970 949413062
56523584 783788602 551003150 102273570 432501036 681314221 775457044 31786487 41721649 633066440 372108919 0 111472506 76178836 801182201 696937224 948438351 391760828 18164965 380746637 909460469 949489538 251618037 557419735 782450544 560512282
539584371 309919897 702670610 390374286 110235749 56286314 834060083 993019659 424519625 367735035 730901910 111472506 0 952133797 243568731 574130466 53696357 839925273 28689102 198317815 545845851 439070324 680013020 109762705 235191097 831064551
929307753 45731051 638220445 892720766 763895242 243502766 742451090 859379888 254486664 874725782 369630229 76178836 952133797 0 966098980 32220218 337824486 990242993 13014799 799341732 997048328 467338516 255642934 854550996 341142874 189831940
83158306 602834880 562185440 509422658 515425457 5870508 571951389 505471206 197361147 160368515 480607491 801182201 243568731 966098980 0 552603823 364332290 326099623 3135706 191933993 19533245 261456668 88738431 841736507 590716289 88059849
765310722 341369019 513020932 904864437 99916085 504973048 73231280 506769491 210653416 706752992 784846874 696937224 574130466 32220218 552603823 0 301238568 309585139 270832675 741595962 257842282 14225745 268926962 484250637 549870390 594929527
966202878 913925188 315540325 177743720 335218605 673489253 193192670 344986511 340223835 597009984 943504887 948438351 53696357 337824486 364332290 301238568 0 751896254 167206997 669971609 229783111 857008206 959395746 555253394 328386116 72544951
204539347 465285596 973084158 821519972 604610576 855653238 681362677 848304185 362583838 463319699 527298975 391760828 839925273 990242993 326099623 309585139 751896254 0 937567556 58412422 678673729 984918369 739600207 62066062 699835659 953695362
506932848 380928742 444279949 810814064 277713106 5719382 278852622 205001739 655295564 351581216 650017819 18164965 28689102 13014799 3135706 270832675 167206997 937567556 0 816322042 829394291 800648309 543090236 14184906 831953527 175159905
589329109 86707741 106752319 64058326 481489681 889286983 122607782 544507346 137691679 890994279 250484665 380746637 198317815 799341732 191933993 741595962 669971609 58412422 816322042 0 378500266 448703019 765051723 81775538 687548537 810439899
888357767 793092447 896590682 385794039 243939646 933662045 398014336 176156489 696606096 834628559 202858902 909460469 545845851 997048328 19533245 257842282 229783111 678673729 829394291 378500266 0 290831540 2721807 745804198 81734118 637115606
15349755 46994304 980699721 617095996 468161807 388246663 395379898 768407321 400979510 2923485 198295339 949489538 439070324 467338516 261456668 14225745 857008206 984918369 800648309 448703019 290831540 0 256332413 974153542 65652821 162687913
814779102 327159237 196987641 292570955 952994285 869952626 896930331 716766966 32375088 50158616 232393869 251618037 680013020 255642934 88738431 268926962 959395746 739600207 543090236 765051723 2721807 256332413 0 40733140 570435929 871289093
87814187 853462276 538332582 627140748 11816227 944374654 455568634 211334706 960342212 520939790 185032157 557419735 109762705 854550996 841736507 484250637 555253394 62066062 14184906 81775538 745804198 974153542 40733140 0 997479908 297490994
709604697 31521897 5680377 782831370 922394754 44168243 14543856 449834052 400376631 917663476 442640970 782450544 235191097 341142874 590716289 549870390 328386116 699835659 831953527 687548537 81734118 65652821 570435929 997479908 0 314506723
345934876 114064618 664294420 742802784 625293334 751977377 756658308 551141409 891644493 878454485 949413062 560512282 831064551 189831940 88059849 594929527 72544951 953695362 175159905 810439899 637115606 162687913 871289093 297490994 314506723 0
