13
0 710000464 2183091 8578051 4806465 162052743 7915088 212041722 3850446 9330589 444719973 2012545 15355705 121428327 3255966 966548798 287230594 3567234 156941536 5786466 7893282 552696596 2216870 761416442 245819064 3456857
710000464 0 8426618 4271537 3306154 994358528 6726436 977658698 4818700 7697828 951349307 6921620 239199068 779534559 1260238 715663412 530241818 5380071 192050042 4210549 3396619 352142019 6817455 275914721 456 3075322
2183091 8426618 0 54799346 217032483 3563924 435186 6663681 961714759 476588492 4705355 294331775 5820020 8547903 411373771 2185006 3114793 456201418 9279155 381273546 161904533 8761959 952321763 7383504 2120062 114307281
8578051 4271537 54799346 0 344808779 5554093 404165553 6803928 306689 709533122 1918437 554710946 1475983 6303856 919747728 7906694 1150324 801111136 3615997 256353951 969072541 2358147 388587260 4645679 6779487 414242302
4806465 3306154 217032483 344808779 0 3056820 991239819 2309028 655600066 480534964 5136943 684556622 3274013 2206575 775940787 1441941 3442417 599050815 7299718 27344845 310124871 6419557 106883901 2173932 3270685 270543
162052743 994358528 3563924 5554093 3056820 0 2774258 161023064 8891530 3410422 863586585 1213451 441880285 688066559 6938124 230240670 499889 6568765 395609639 9115650 9419902 139488555 4539200 46940660 378046407 4812952
7915088 6726436 435186 404165553 991239819 2774258 0 1387111 265024909 217286265 7634034 172275220 4247097 6926772 729794473 4338126 3739139 912975791 5313521 853676993 520876027 7931903 138254951 8248654 5916749 62273799
212041722 977658698 6663681 6803928 2309028 161023064 1387111 0 5951648 5108309 982349776 9763291 62546067 216955151 5945965 832338939 132673100 9542049 713879 8639908 2264239 727319227 4984739 426381868 243407229 3278104
3850446 4818700 961714759 306689 655600066 8891530 265024909 5951648 0 135036863 3452984 337351846 7355172 4776063 884247179 7054742 1181410 30181326 8435396 544286371 775079616 2710428 724144447 7959623 3480445 37853765
9330589 7697828 476588492 709533122 480534964 3410422 217286265 5108309 135036863 0 6925676 844010094 2575159 4838355 503032425 2746003 6199924 823097162 6271035 987671040 777789689 8727216 115151 4575504 3782446 878920602
444719973 951349307 4705355 1918437 5136943 863586585 7634034 982349776 3452984 6925676 0 8467749 754223867 404766 9413360 988109054 52296963 8445585 84898418 3150314 7033536 407489524 8871604 718178730 556931576 4995703
2012545 6921620 294331775 554710946 684556622 1213451 172275220 9763291 337351846 844010094 8467749 0 7162292 5411097 69472567 7243032 9518472 725999196 2558046 929915 669094461 4457245 411581856 3129876 1211050 584790098
15355705 239199068 5820020 1475983 3274013 441880285 4247097 62546067 7355172 2575159 754223867 7162292 0 971048706 3357838 732780291 863560081 6283673 748237523 9142047 9302082 878875215 3063424 940796 826062243 6850993
121428327 779534559 8547903 6303856 2206575 688066559 6926772 216955151 4776063 4838355 404766 5411097 971048706 0 1676074 639642473 497241554 7255767 343650374 3127418 1040513 938385455 9923517 358344835 830264539 1150775
3255966 1260238 411373771 919747728 775940787 6938124 729794473 5945965 884247179 503032425 9413360 69472567 3357838 1676074 0 4652947 1693274 142195123 5838742 82943670 932816406 3501318 695043722 8860479 5900379 885163521
966548798 715663412 2185006 7906694 1441941 230240670 4338126 832338939 7054742 2746003 988109054 7243032 732780291 639642473 4652947 0 31137256 6357304 430991305 6957621 1483450 206612 9119461 289709383 622379046 9604662
287230594 530241818 3114793 1150324 3442417 499889 3739139 132673100 1181410 6199924 52296963 9518472 863560081 497241554 1693274 31137256 0 8961783 385221362 5293580 2108622 431306094 1415302 447724961 649487552 5504989
3567234 5380071 456201418 801111136 599050815 6568765 912975791 9542049 30181326 823097162 8445585 725999196 6283673 7255767 142195123 6357304 8961783 0 9726586 963067678 231146 2156010 283308000 6906695 8757653 718179238
156941536 192050042 9279155 3615997 7299718 395609639 5313521 713879 8435396 6271035 84898418 2558046 748237523 343650374 5838742 430991305 385221362 9726586 0 2560189 2473388 178906368 4735351 315277495 572057287 8759038
5786466 4210549 381273546 256353951 27344845 9115650 853676993 8639908 544286371 987671040 3150314 929915 9142047 3127418 82943670 6957621 5293580 963067678 2560189 0 331946064 4553721 681268147 9250314 3049857 395702475
7893282 3396619 161904533 969072541 310124871 9419902 520876027 2264239 775079616 777789689 7033536 669094461 9302082 1040513 932816406 1483450 2108622 231146 2473388 331946064 0 1536134 193375006 4929892 6470894 478268174
552696596 352142019 8761959 2358147 6419557 139488555 7931903 727319227 2710428 8727216 407489524 4457245 878875215 938385455 3501318 206612 431306094 2156010 178906368 4553721 1536134 0 7401063 39742462 848463939 2283722
2216870 6817455 952321763 388587260 106883901 4539200 138254951 4984739 724144447 115151 8871604 411581856 3063424 9923517 695043722 9119461 1415302 283308000 4735351 681268147 193375006 7401063 0 5536877 2955020 74161838
761416442 275914721 7383504 4645679 2173932 46940660 8248654 426381868 7959623 4575504 718178730 3129876 940796 358344835 8860479 289709383 447724961 6906695 315277495 9250314 4929892 39742462 5536877 0 514637229 1041739
245819064 456 2120062 6779487 3270685 378046407 5916749 243407229 3480445 3782446 556931576 1211050 826062243 830264539 5900379 622379046 649487552 8757653 572057287 3049857 6470894 848463939 2955020 514637229 0 5207396
3456857 3075322 114307281 414242302 270543 4812952 62273799 3278104 37853765 878920602 4995703 584790098 6850993 1150775 885163521 9604662 5504989 718179238 8759038 395702475 478268174 2283722 74161838 1041739 5207396 0
