14
0 8029202 4802341 595536146 626963242 6095607 864013073 312683258 448579013 7125303 3734193 913526068 9416549 630218326 2495620 417721392 7744814 2973772 620835955 169052 140852262 4709254 74475882 1388912 861539307 5311584 5542350 2539783
8029202 0 332178 5635769 5401193 773686909 5749841 1067246 9378384 812338419 676511178 5240105 896365805 6470505 818146696 6702188 102037494 79112785 9607688 7769144 1980156 870668642 5228573 418139207 9965835 419662939 231166449 79498033
4802341 332178 0 2845995 7150771 849827663 4911051 5213680 8197646 311420599 762737923 5357199 84365435 4166105 757766160 4138596 854248507 929395397 9593116 1805287 6418261 527015280 6104954 551320236 4859215 506873758 799084267 698977023
595536146 5635769 2845995 0 17080914 8123026 322132 547990760 457160011 3816895 6800728 762974402 7879814 601440426 6449393 759081150 4216174 2223406 401832464 167034568 960986651 8555045 59773569 5833828 23155751 9224125 5582238 8103844
626963242 5401193 7150771 17080914 0 9665800 632875765 76896409 216591150 1822972 2294709 633087848 7073943 666551637 6912169 816814879 5587616 3078098 612520711 852150339 208082256 3775990 638040332 9124795 984880 2085279 5614049 3488651
6095607 773686909 849827663 8123026 9665800 0 9072506 3721976 1076284 496150479 914076 2575146 804182411 3460723 551906947 3574060 934390151 193894262 9958493 7425030 7951171 940748468 9455430 792340262 2871526 83413391 591491500 227497510
864013073 5749841 4911051 322132 632875765 9072506 0 633031159 949143486 4050879 4482422 904762017 2626774 545487341 9743772 380050661 5210360 1168078 396439673 570549169 702248887 6383317 966995905 3664830 770236909 6160229 3062564 9137713
312683258 1067246 5213680 547990760 76896409 3721976 633031159 0 38373207 9249142 5564734 891309 1836924 516783026 7975079 812129818 7536870 9781996 890102183 328384554 89451319 2787163 137598587 9900920 211637425 5191371 3897599 5110527
448579013 9378384 8197646 457160011 216591150 1076284 949143486 38373207 0 5702723 5144609 284098499 5727367 137584021 1762506 108643 3269278 7927820 170346174 165444027 230472407 1684604 221936502 2093266 682893547 4451234 6813651 5529771
7125303 812338419 311420599 3816895 1822972 496150479 4050879 9249142 5702723 0 931036125 9111826 465943382 5308803 882328333 4897151 270278400 999732642 1107671 5451806 8566343 940169021 8017368 539728742 9212829 877050295 71040 628343652
3734193 676511178 762737923 6800728 2294709 914076 4482422 5564734 5144609 931036125 0 1948868 833326368 6935338 166712918 4594118 832006362 617153719 8949093 7366886 2726880 72454197 9449255 791645564 1827747 742852512 780423547 102579325
913526068 5240105 5357199 762974402 633087848 2575146 904762017 891309 284098499 9111826 1948868 0 1625236 651174990 2653979 834527167 1356470 8063127 802429474 296132242 734350454 2145290 569262566 5122770 193988640 2862877 8469187 1782498
9416549 896365805 84365435 7879814 7073943 804182411 2626774 1836924 5727367 465943382 833326368 1625236 0 7306052 548885913 7209012 295265302 732590 6908642 6876314 1035602 465748065 1787694 290987280 5055860 750669028 674944813 583860340
630218326 6470505 4166105 601440426 666551637 3460723 545487341 516783026 137584021 5308803 6935338 651174990 7306052 0 9457806 75656184 1875357 1968681 133836713 174565391 8016852 3073779 490646939 1011032 259690798 6664625 7866224 2429545
2495620 818146696 757766160 6449393 6912169 551906947 9743772 7975079 1762506 882328333 166712918 2653979 548885913 9457806 0 7742632 5365371 879680462 6329290 5629652 1605090 916484539 8847577 751114170 6600970 347974582 547456527 340822192
417721392 6702188 4138596 759081150 816814879 3574060 380050661 812129818 108643 4897151 4594118 834527167 7209012 75656184 7742632 0 4755818 4513398 697769134 823769110 987045317 3194776 551419916 6383647 702125869 1725991 3636841 3919078
7744814 102037494 854248507 4216174 5587616 934390151 5210360 7536870 3269278 270278400 832006362 1356470 295265302 1875357 5365371 4755818 0 294911615 1366268 2567896 5568820 862843865 7510050 678640981 5056211 337548032 73674347 611003960
2973772 79112785 929395397 2223406 3078098 193894262 1168078 9781996 7927820 999732642 617153719 8063127 732590 1968681 879680462 4513398 294911615 0 5433603 6957808 5383262 960844941 3668028 758062644 4813388 748874068 677820425 764413779
620835955 9607688 9593116 401832464 612520711 9958493 396439673 890102183 170346174 1107671 8949093 802429474 6908642 133836713 6329290 697769134 1366268 5433603 0 690168592 471083736 6678276 751912 4920971 929502032 8293488 4937182 2654036
169052 7769144 1805287 167034568 852150339 7425030 570549169 328384554 165444027 5451806 7366886 296132242 6876314 174565391 5629652 823769110 2567896 6957808 690168592 0 394854954 2522605 901166442 4453771 267600349 3051156 4562439 7611847
140852262 1980156 6418261 960986651 208082256 7951171 702248887 89451319 230472407 8566343 2726880 734350454 1035602 8016852 1605090 987045317 5568820 5383262 471083736 394854954 0 5328539 924013050 9923454 329008788 4777265 8483964 5514099
4709254 870668642 527015280 8555045 3775990 940748468 6383317 2787163 1684604 940169021 72454197 2145290 465748065 3073779 916484539 3194776 862843865 960844941 6678276 2522605 5328539 0 5713064 417840452 7089262 59550647 511617243 220976
74475882 5228573 6104954 59773569 638040332 9455430 966995905 137598587 221936502 8017368 9449255 569262566 1787694 490646939 8847577 551419916 7510050 3668028 751912 901166442 924013050 5713064 0 2095087 560770988 4849951 8826296 8203314
1388912 418139207 551320236 5833828 9124795 792340262 3664830 9900920 2093266 539728742 791645564 5122770 290987280 1011032 751114170 6383647 678640981 758062644 4920971 4453771 9923454 417840452 2095087 0 9095379 542591 198329578 492663881
861539307 9965835 4859215 23155751 984880 2871526 770236909 211637425 682893547 9212829 1827747 193988640 5055860 259690798 6600970 702125869 5056211 4813388 929502032 267600349 329008788 7089262 560770988 9095379 0 6797873 4142126 1826252
5311584 419662939 506873758 9224125 2085279 83413391 6160229 5191371 4451234 877050295 742852512 2862877 750669028 6664625 347974582 1725991 337548032 748874068 8293488 3051156 4777265 59550647 4849951 542591 6797873 0 106049461 218958953
5542350 231166449 799084267 5582238 5614049 591491500 3062564 3897599 6813651 71040 780423547 8469187 674944813 7866224 547456527 3636841 73674347 677820425 4937182 4562439 8483964 511617243 8826296 198329578 4142126 106049461 0 996079289
2539783 79498033 698977023 8103844 3488651 227497510 9137713 5110527 5529771 628343652 102579325 1782498 583860340 2429545 340822192 3919078 611003960 764413779 2654036 7611847 5514099 220976 8203314 492663881 1826252 218958953 996079289 0
