14
0 5571552 6894513 820283788 4359399 7134844 7706173 2597885 6499803 811880269 7839880 4211704 3355534 630378692 813394 7768690 303664120 909186002 50893882 864526768 956597868 630538655 661078934 7640378 1914437 477511244 9699495 320167856
5571552 0 892479554 2496952 186629753 630604061 107243250 377121042 867894218 7537703 383990820 644681987 774565329 2637855 1227235 448247 9706945 9121546 8509423 1670363 9671661 5551920 6417472 290357436 416130740 3229032 906370471 3740443
6894513 892479554 0 4478182 491088992 649462453 200956511 141942046 476916354 4242216 654889528 855502737 438615 5366473 8784708 244299171 8439373 9869235 3421643 7844722 7565673 4147953 9447984 456211781 345508438 4346348 529128325 2535626
820283788 2496952 4478182 0 9003884 8022834 8651801 9128023 1548411 892947116 3982852 4155578 8540804 593636116 169900607 9037468 292090324 971744252 244508582 970553405 834118120 310079145 51796 8502371 6964645 118416550 6663606 474907033
4359399 186629753 491088992 9003884 0 592569503 534047439 91079611 110503315 4908290 16643863 105442632 649026373 2785763 3210167 845425422 6487144 6627760 7038608 6723427 9149819 4864797 2623492 7995538 78891045 8118147 697329050 5595832
7134844 630604061 649462453 8022834 592569503 0 399822876 694752476 54693285 6203710 599276028 332138 579652082 9425737 8262202 387086652 2494318 4563699 7443935 6221617 1392797 2511963 6094176 341787051 911702745 3503368 238940785 1765631
7706173 107243250 200956511 8651801 534047439 399822876 0 413815872 76747 6841576 651770808 273169060 551732223 1341693 2242883 596247568 9427786 8981535 4473888 2098068 4462746 8713439 1296425 635134436 150186063 5844718 146678103 9622834
2597885 377121042 141942046 9128023 91079611 694752476 413815872 0 691591715 9741943 224377 274326950 184363551 1304739 8865399 851245125 9716776 4645782 6022611 2624005 8315252 3723255 2888760 979323637 538935387 9785731 286126805 2399633
6499803 867894218 476916354 1548411 110503315 54693285 76747 691591715 0 7166833 140469145 460909699 451861128 8988929 6039303 695893170 2315390 6951577 2855642 9016076 8092741 9257811 8600419 289590093 564192272 2274366 847240468 7302801
811880269 7537703 4242216 892947116 4908290 6203710 6841576 9741943 7166833 0 7836259 2603140 5774490 97008049 452031165 9188962 674412113 101159443 385327436 949535421 447454390 7082011 454239964 7862881 6187405 485586384 9509346 549801093
7839880 383990820 654889528 3982852 16643863 599276028 651770808 224377 140469145 7836259 0 152203651 829723711 9657703 8993587 973124412 6701377 4146608 2059485 5880601 4652295 8585397 6832327 934507438 181537514 1548493 267647030 2670211
4211704 644681987 855502737 4155578 105442632 332138 273169060 274326950 460909699 2603140 152203651 0 259611591 8173399 1857088 289330141 6624997 6276606 8823015 8353052 2922087 8411191 8486254 87086680 764059538 8657049 381583022 4402401
3355534 774565329 438615 8540804 649026373 579652082 551732223 184363551 451861128 5774490 829723711 259611591 0 5644936 6368490 548412094 1711364 2340769 4721958 5885239 5079533 6020283 4377956 645156495 317004476 4511970 601089463 3468053
630378692 2637855 5366473 593636116 2785763 9425737 1341693 1304739 8988929 97008049 9657703 8173399 5644936 0 600907365 2729088 113578 670633198 134202815 450819300 164508121 905841711 669048758 2235689 8593250 646153211 2588049 801543365
813394 1227235 8784708 169900607 3210167 8262202 2242883 8865399 6039303 452031165 8993587 1857088 6368490 600907365 0 2037690 839899370 602290112 737249687 709887221 840384291 359603342 192611994 4266064 1952623 606728097 6890492 77107149
7768690 448247 244299171 9037468 845425422 387086652 596247568 851245125 695893170 9188962 973124412 289330141 548412094 2729088 2037690 0 6172854 2033828 9819528 7868597 7539818 4231484 9055466 184640061 731353186 8401418 291043488 8133823
303664120 9706945 8439373 292090324 6487144 2494318 9427786 9716776 2315390 674412113 6701377 6624997 1711364 113578 839899370 6172854 0 844918593 460685159 65121913 529750039 912911379 837705512 5944548 5420992 773598223 3536877 721373718
909186002 9121546 9869235 971744252 6627760 4563699 8981535 4645782 6951577 101159443 4146608 6276606 2340769 670633198 602290112 2033828 844918593 0 850484366 690470168 404083004 111606386 846611298 7028102 7124410 840964005 9406611 164484
50893882 8509423 3421643 244508582 7038608 7443935 4473888 6022611 2855642 385327436 2059485 8823015 4721958 134202815 737249687 9819528 460685159 850484366 0 877676659 21201791 73914733 764196841 6207518 4723974 291427 5596746 190047119
864526768 1670363 7844722 970553405 6723427 6221617 2098068 2624005 9016076 949535421 5880601 8353052 5885239 450819300 709887221 7868597 65121913 690470168 877676659 0 514771 466265207 368773592 7840603 4737647 852713500 7513386 14946338
956597868 9671661 7565673 834118120 9149819 1392797 4462746 8315252 8092741 447454390 4652295 2922087 5079533 164508121 840384291 7539818 529750039 404083004 21201791 514771 0 148529701 413312024 6485033 3385072 366017804 6048352 770248182
630538655 5551920 4147953 310079145 4864797 2511963 8713439 3723255 9257811 7082011 8585397 8411191 6020283 905841711 359603342 4231484 912911379 111606386 73914733 466265207 148529701 0 503542355 8658971 7653563 399780291 5284612 928271714
661078934 6417472 9447984 51796 2623492 6094176 1296425 2888760 8600419 454239964 6832327 8486254 4377956 669048758 192611994 9055466 837705512 846611298 764196841 368773592 413312024 503542355 0 6592692 1677742 722309293 4636714 631146907
7640378 290357436 456211781 8502371 7995538 341787051 635134436 979323637 289590093 7862881 934507438 87086680 645156495 2235689 4266064 184640061 5944548 7028102 6207518 7840603 6485033 8658971 6592692 0 177600865 7470442 755851150 1239111
1914437 416130740 345508438 6964645 78891045 911702745 150186063 538935387 564192272 6187405 181537514 764059538 317004476 8593250 1952623 731353186 5420992 7124410 4723974 4737647 3385072 7653563 1677742 177600865 0 3490919 911843 5662746
477511244 3229032 4346348 118416550 8118147 3503368 5844718 9785731 2274366 485586384 1548493 8657049 4511970 646153211 606728097 8401418 773598223 840964005 291427 852713500 366017804 399780291 722309293 7470442 3490919 0 5400701 870778892
9699495 906370471 529128325 6663606 697329050 238940785 146678103 286126805 847240468 9509346 267647030 381583022 601089463 2588049 6890492 291043488 3536877 9406611 5596746 7513386 6048352 5284612 4636714 755851150 911843 5400701 0 8866815
320167856 3740443 2535626 474907033 5595832 1765631 9622834 2399633 7302801 549801093 2670211 4402401 3468053 801543365 77107149 8133823 721373718 164484 190047119 14946338 770248182 928271714 631146907 1239111 5662746 870778892 8866815 0
