14
0 474790888 8257265 6472149 2646896 169025097 964173 1663838 593946229 2585275 1751468 586040407 643324955 6993116 662547539 2947814 166480573 4058316 731286174 703530846 2269851 637996996 6840441 300220152 5875281 870422970 5953062 6725106
474790888 0 6938366 7911263 6059802 455726939 250395921 6009441 379150 6958745 9422284 646074291 666296499 3627128 465596118 9937241 522918807 5668088 721239592 219165586 7954155 838935076 9412458 846082561 8273464 892561336 7738072 4657736
8257265 6938366 0 108756375 604790375 5633536 1479225 236191151 6963369 794596054 258460079 8009148 8143731 961158764 5118068 809162579 4730689 514611045 5124938 6503659 35132 6755141 524465123 8834659 745325302 5870151 486647820 416766867
6472149 7911263 108756375 0 881364289 7449620 2698018 805972306 9135254 761323649 698531795 5194094 5420502 211747695 7080536 433742115 5382871 426498124 2624377 8700601 769022265 9140888 247817516 9474909 729542004 8117012 790707 600855414
2646896 6059802 604790375 881364289 0 9253326 6854008 324516 6444578 505148959 298391234 4605798 9057317 443771642 4205784 68545560 3667162 957020727 1058155 7790208 56434739 6556056 721423163 4744703 46739938 1608189 833455799 221073745
169025097 455726939 5633536 7449620 9253326 0 374770956 1257803 591937840 8932285 7833597 982355683 429380640 9240055 312000395 6009025 526751638 4912890 715261019 643336824 4659010 973912682 6300746 470679 8579478 29184496 1072725 7279855
964173 250395921 1479225 2698018 6854008 374770956 0 6209041 348712437 2512328 1895211 980408272 117987291 3570032 136024041 1381760 12579036 9129541 220814753 924778119 8502648 924525670 6845881 872854650 2159455 62382671 1311301 5530372
1663838 6009441 236191151 805972306 324516 1257803 6209041 0 4485647 782508687 802047426 7425049 5931198 995664473 1759820 419241417 4555431 65007333 9929226 6245501 123969502 2474996 623211621 3483913 292426364 6826833 624757419 244363686
593946229 379150 6963369 9135254 6444578 591937840 348712437 4485647 0 2228500 1995446 472912027 58461636 8522925 226243567 8824791 458136243 5755648 869809635 208089190 7427632 844639889 2931900 815094061 9959163 896978767 6613122 3008402
2585275 6958745 794596054 761323649 505148959 8932285 2512328 782508687 2228500 0 939870576 8517145 3856742 929496288 1697058 985535468 3929923 957639752 7453817 8317789 286449268 4860196 611662274 7788807 867406 2016711 673922855 312728948
1751468 9422284 258460079 698531795 298391234 7833597 1895211 802047426 1995446 939870576 0 5760965 3775620 575034112 4209449 724524825 1700578 4571060 2566323 5424837 167257603 3008195 95965624 6568597 975763025 4453859 169088297 745240877
586040407 646074291 8009148 5194094 4605798 982355683 980408272 7425049 472912027 8517145 5760965 0 325373441 6390745 160877 9580407 609205350 9514025 203103117 604647048 7021534 587939932 8639057 70893660 4640768 215415801 9565708 9696550
643324955 666296499 8143731 5420502 9057317 429380640 117987291 5931198 58461636 3856742 3775620 325373441 0 5369000 974380984 1943155 641077730 7292092 7652548 380230487 7813897 883319672 2882325 453810407 6468618 405414273 6571466 3044061
6993116 3627128 961158764 211747695 443771642 9240055 3570032 995664473 8522925 929496288 575034112 6390745 5369000 0 7504885 743210629 1247055 847952883 8999979 9056949 321292699 7508015 886381613 3790496 902760457 2911814 967503316 548769
662547539 465596118 5118068 7080536 4205784 312000395 136024041 1759820 226243567 1697058 4209449 160877 974380984 7504885 0 5976289 183198803 4000386 101139716 877837133 4609305 54005351 2130377 204711892 4856586 336486135 5219451 8884089
2947814 9937241 809162579 433742115 68545560 6009025 1381760 419241417 8824791 985535468 724524825 9580407 1943155 743210629 5976289 0 1988888 913585074 6861473 1939106 907572116 1411490 152778 1674901 723149574 3447988 106026953 136547383
166480573 522918807 4730689 5382871 3667162 526751638 12579036 4555431 458136243 3929923 1700578 609205350 641077730 1247055 183198803 1988888 0 1643868 839358941 207595803 7792783 539113608 2367924 502191669 2132102 104084 6674828 2386861
4058316 5668088 514611045 426498124 957020727 4912890 9129541 65007333 5755648 957639752 4571060 9514025 7292092 847952883 4000386 913585074 1643868 0 6367131 2103972 194764750 2168029 218195015 9435884 950163900 6587760 396164658 861047811
731286174 721239592 5124938 2624377 1058155 715261019 220814753 9929226 869809635 7453817 2566323 203103117 7652548 8999979 101139716 6861473 839358941 6367131 0 399814016 4920091 604651511 8810216 355522341 2454692 958848263 9125897 5744839
703530846 219165586 6503659 8700601 7790208 643336824 924778119 6245501 208089190 8317789 5424837 604647048 380230487 9056949 877837133 1939106 207595803 2103972 399814016 0 6238263 338143 3338371 552398997 5318396 952696036 4807013 3885117
2269851 7954155 35132 769022265 56434739 4659010 8502648 123969502 7427632 286449268 167257603 7021534 7813897 321292699 4609305 907572116 7792783 194764750 4920091 6238263 0 8744117 613639573 5562758 643827942 5453449 72828698 112005114
637996996 838935076 6755141 9140888 6556056 973912682 924525670 2474996 844639889 4860196 3008195 587939932 883319672 7508015 54005351 1411490 539113608 2168029 604651511 338143 8744117 0 5784490 586027295 7993615 11062711 9569054 7346582
6840441 9412458 524465123 247817516 721423163 6300746 6845881 623211621 2931900 611662274 95965624 8639057 2882325 886381613 2130377 152778 2367924 218195015 8810216 3338371 613639573 5784490 0 3497957 734653429 1241983 128165969 659013161
300220152 846082561 8834659 9474909 4744703 470679 872854650 3483913 815094061 7788807 6568597 70893660 453810407 3790496 204711892 1674901 502191669 9435884 355522341 552398997 5562758 586027295 3497957 0 5751647 744514407 6502445 1710382
5875281 8273464 745325302 729542004 46739938 8579478 2159455 292426364 9959163 867406 975763025 4640768 6468618 902760457 4856586 723149574 2132102 950163900 2454692 5318396 643827942 7993615 734653429 5751647 0 2741166 313416712 320573599
870422970 892561336 5870151 8117012 1608189 29184496 62382671 6826833 896978767 2016711 4453859 215415801 405414273 2911814 336486135 3447988 104084 6587760 958848263 952696036 5453449 11062711 1241983 744514407 2741166 0 2929477 3718867
5953062 7738072 486647820 790707 833455799 1072725 1311301 624757419 6613122 673922855 169088297 9565708 6571466 967503316 5219451 106026953 6674828 396164658 9125897 4807013 72828698 9569054 128165969 6502445 313416712 2929477 0 681947370
6725106 4657736 416766867 600855414 221073745 7279855 5530372 244363686 3008402 312728948 745240877 9696550 3044061 548769 8884089 136547383 2386861 861047811 5744839 3885117 112005114 7346582 659013161 1710382 320573599 3718867 681947370 0
