14
0 819107834 149160435 286259897 269970 8231724 4427093 10548058 623927151 858056382 8988449 9107743 6803391 3966815 7405748 986983541 54232870 7654226 269303341 283180220 2922137 5601923 148755089 7495883 1211757 716423979 5093151 5644124
819107834 0 902999254 808324792 162785945 9786544 6859602 497580874 300347089 991584778 9171480 3062828 7820648 9279528 5405509 863828295 853544353 8062683 411070207 81576069 8221672 3173594 489673 5371874 1445726 102329217 4693015 1609994
149160435 902999254 0 152762667 469454101 5992967 4242573 151631521 493782820 150705 2463118 6251944 6816047 3561981 8287834 757445320 804184827 2839877 871672470 362321193 7399581 7031297 300568341 9516725 4525471 183138425 6708354 1179500
286259897 808324792 152762667 0 346731460 9554935 1742014 310919002 271639632 884545897 6742602 7264117 5476604 1160981 2590230 246569746 4899895 5156008 755883189 10852784 7511080 3693873 383550798 6042238 6212182 359461436 5854913 6750351
269970 162785945 469454101 346731460 0 4059129 5257151 851791810 559336041 56202590 6844369 4197719 3392324 8819413 2281879 971574352 38083505 6535822 460044891 737210591 6966887 1609551 800978851 1219010 7119226 559254057 1861931 5443548
8231724 9786544 5992967 9554935 4059129 0 263605031 3936637 1438720 6976261 751805848 818992429 609115538 342889 933494272 7872366 8346977 890410020 7648483 7142787 619976578 556642921 2080487 612615568 932005341 9825459 296735816 234308176
4427093 6859602 4242573 1742014 5257151 263605031 0 4615559 5010181 9008751 754758584 656098880 614914183 974011530 703575983 5486592 4286834 422502039 4877318 3820855 710372696 415438 2583335 765209643 442395034 6309253 146532655 252177304
10548058 497580874 151631521 310919002 851791810 3936637 4615559 0 537558087 565054828 6163091 1541116 2126943 8981984 7390426 533896370 25117801 4943192 459411382 501259143 4227957 8191897 157904335 7892544 3146010 359004 3111857 2805548
623927151 300347089 493782820 271639632 559336041 1438720 5010181 537558087 0 171454136 8568099 6121304 2821643 7424485 6875280 896008783 633172891 6164502 745939685 612834 6732522 4858803 82702041 4206064 5883571 846212991 1976702 6887048
858056382 991584778 150705 884545897 56202590 6976261 9008751 565054828 171454136 0 9976131 7934255 3515072 7439777 3011710 604560505 338466756 5374631 482337910 983023695 1565814 8506911 927149030 7144876 2014535 330737994 8158873 9332724
8988449 9171480 2463118 6742602 6844369 751805848 754758584 6163091 8568099 9976131 0 383858650 881019322 597274892 878908917 4220415 4898341 224561 8327203 3563746 65687239 417070637 2016387 390510300 642185781 3524356 837487224 905325994
9107743 3062828 6251944 7264117 4197719 818992429 656098880 1541116 6121304 7934255 383858650 0 479978412 618576262 139390234 9500551 3428524 744228975 8578095 5293897 284317619 231553417 5894115 146680992 321003 1680376 789392532 397559485
6803391 7820648 6816047 5476604 3392324 609115538 614914183 2126943 2821643 3515072 881019322 479978412 0 628886757 949707 9003323 8207092 489280283 9233319 8026920 466675405 962031399 8288068 301223611 611303753 4297877 747022587 820143055
3966815 9279528 3561981 1160981 8819413 342889 974011530 8981984 7424485 7439777 597274892 618576262 628886757 0 771742015 5457393 3365531 109471865 6342033 5593323 112960745 844272173 4618797 193439095 985514389 2869596 950326415 470657095
7405748 5405509 8287834 2590230 2281879 933494272 703575983 7390426 6875280 3011710 878908917 139390234 949707 771742015 0 5345193 2167457 928688490 6951351 6136168 663221132 209477583 7232443 566627239 290479793 6691263 534824034 589901255
986983541 863828295 757445320 246569746 971574352 7872366 5486592 533896370 896008783 604560505 4220415 9500551 9003323 5457393 5345193 0 217488327 6503700 619167 243842034 9113799 2491524 568499105 3163413 7332778 253297840 9466097 8528134
54232870 853544353 804184827 4899895 38083505 8346977 4286834 25117801 633172891 338466756 4898341 3428524 8207092 3365531 2167457 217488327 0 7469779 573639751 991537430 5594198 9734732 593587073 4629482 6657525 226140847 4285783 1922310
7654226 8062683 2839877 5156008 6535822 890410020 422502039 4943192 6164502 5374631 224561 744228975 489280283 109471865 928688490 6503700 7469779 0 6495281 7552792 704981560 762890167 1108414 554005296 321168383 5204845 815086671 886787083
269303341 411070207 871672470 755883189 460044891 7648483 4877318 459411382 745939685 482337910 8327203 8578095 9233319 6342033 6951351 619167 573639751 6495281 0 432885178 4749230 7001740 145822357 1276677 3413854 591930089 6578522 5816825
283180220 81576069 362321193 10852784 737210591 7142787 3820855 501259143 612834 983023695 3563746 5293897 8026920 5593323 6136168 243842034 991537430 7552792 432885178 0 6859207 7850578 442689626 9699333 2213470 630354642 1514517 4474915
2922137 8221672 7399581 7511080 6966887 619976578 710372696 4227957 6732522 1565814 65687239 284317619 466675405 112960745 663221132 9113799 5594198 704981560 4749230 6859207 0 622720444 7961345 3943989 370916011 4015429 765180169 409322296
5601923 3173594 7031297 3693873 1609551 556642921 415438 8191897 4858803 8506911 417070637 231553417 962031399 844272173 209477583 2491524 9734732 762890167 7001740 7850578 622720444 0 4407517 826852276 92238503 9390196 307982558 483456385
148755089 489673 300568341 383550798 800978851 2080487 2583335 157904335 82702041 927149030 2016387 5894115 8288068 4618797 7232443 568499105 593587073 1108414 145822357 442689626 7961345 4407517 0 2191813 6184761 94930962 2700097 4160251
7495883 5371874 9516725 6042238 1219010 612615568 765209643 7892544 4206064 7144876 390510300 146680992 301223611 193439095 566627239 3163413 4629482 554005296 1276677 9699333 3943989 826852276 2191813 0 697415807 5421158 648660855 897957786
1211757 1445726 4525471 6212182 7119226 932005341 442395034 3146010 5883571 2014535 642185781 321003 611303753 985514389 290479793 7332778 6657525 321168383 3413854 2213470 370916011 92238503 6184761 697415807 0 3053693 467274957 676721433
716423979 102329217 183138425 359461436 559254057 9825459 6309253 359004 846212991 330737994 3524356 1680376 4297877 2869596 6691263 253297840 226140847 5204845 591930089 630354642 4015429 9390196 94930962 5421158 3053693 0 1821491 5429385
5093151 4693015 6708354 5854913 1861931 296735816 146532655 3111857 1976702 8158873 837487224 789392532 747022587 950326415 534824034 9466097 4285783 815086671 6578522 1514517 765180169 307982558 2700097 648660855 467274957 1821491 0 721893
5644124 1609994 1179500 6750351 5443548 234308176 252177304 2805548 6887048 9332724 905325994 397559485 820143055 470657095 589901255 8528134 1922310 886787083 5816825 4474915 409322296 483456385 4160251 897957786 676721433 5429385 721893 0
