3
0 219191672 61416955 472459895 10052911 235776982
219191672 0 884058039 43448192 926501639 775537689
61416955 884058039 0 343360992 626789399 994273014
472459895 43448192 343360992 0 613538596 54105828
10052911 926501639 626789399 613538596 0 935210152
235776982 775537689 994273014 54105828 935210152 0
