9
0 480145263 921113681 118433330 486968143 923054768 252404372 3709548 350052642 844468550 266541871 12068630 457901904 860967851 989610617 767859838 181682399 571932685
480145263 0 696916512 735152322 476596458 771793733 72241114 93747641 954001088 749574839 582540348 560521343 475002959 633903654 694603618 136697074 516180341 874975850
921113681 696916512 0 931808891 40118675 842299461 62291290 823152179 483175310 897895452 579368475 117201334 994071413 898834749 217016083 665655774 727024600 736314969
118433330 735152322 931808891 0 991778290 762816971 677186687 919678013 430238796 401634458 242821878 36403974 93465905 394634547 955432389 232738456 606798805 848481408
486968143 476596458 40118675 991778290 0 624075328 378801590 284478354 8066709 284656385 505264943 987180230 749993398 911367257 123794765 813257472 943268123 353708277
923054768 771793733 842299461 762816971 624075328 0 95379424 78786189 829858883 213555296 600980522 735777578 695452935 17729464 204992819 258698793 368930731 416680813
252404372 72241114 62291290 677186687 378801590 95379424 0 505978849 788349214 768855008 872323250 372497016 684304685 709724561 880840089 683012445 915914138 705393181
3709548 93747641 823152179 919678013 284478354 78786189 505978849 0 34020561 459669569 260923664 66606707 214448285 687521422 275269548 603097777 904573885 815952052
350052642 954001088 483175310 430238796 8066709 829858883 788349214 34020561 0 514148437 244083070 332359235 240607940 673014389 795218154 79843441 74682907 774212984
844468550 749574839 897895452 401634458 284656385 213555296 768855008 459669569 514148437 0 57550805 368814188 348647241 145109442 584863735 351428527 887294746 384888536
266541871 582540348 579368475 242821878 505264943 600980522 872323250 260923664 244083070 57550805 0 48444211 31726769 262495136 840541971 768546960 238672315 654843213
12068630 560521343 117201334 36403974 987180230 735777578 372497016 66606707 332359235 368814188 48444211 0 775997074 178903551 882423604 923775111 692212741 354007897
457901904 475002959 994071413 93465905 749993398 695452935 684304685 214448285 240607940 348647241 31726769 775997074 0 910068883 685439526 375520744 357674438 280244230
860967851 633903654 898834749 394634547 911367257 17729464 709724561 687521422 673014389 145109442 262495136 178903551 910068883 0 272863097 783745656 168133821 973508078
989610617 694603618 217016083 955432389 123794765 204992819 880840089 275269548 795218154 584863735 840541971 882423604 685439526 272863097 0 290505965 939336838 53457648
767859838 136697074 665655774 232738456 813257472 258698793 683012445 603097777 79843441 351428527 768546960 923775111 375520744 783745656 290505965 0 178674354 690596055
181682399 516180341 727024600 606798805 943268123 368930731 915914138 904573885 74682907 887294746 238672315 692212741 357674438 168133821 939336838 178674354 0 37794307
571932685 874975850 736314969 848481408 353708277 416680813 705393181 815952052 774212984 384888536 654843213 354007897 280244230 973508078 53457648 690596055 37794307 0
