11
0 163618602 1667930 319607348 352634819 635654744 510652018 821944773 998567654 447815800 825453987 272525223 879566022 83720377 998858655 700146228 521863968 30877725 946333757 821392025 681848203 474035152
163618602 0 862717909 144770312 631053034 265100287 731318980 787162093 883295370 647071656 260512538 902567951 398274194 971537984 699391208 908498921 904805965 518320936 896314433 352209375 396193608 946259346
1667930 862717909 0 84544303 722550583 425457807 153538346 204755578 768028905 146411059 895388892 232479304 265877258 402943335 312321315 33244732 172907386 187467849 866837372 950925868 323182914 72870149
319607348 144770312 84544303 0 329670905 405918160 696571710 846163717 454228439 27389952 891364336 430299488 877819019 140276003 396981628 616043420 814413111 155175395 846496 784556219 927210774 684768667
352634819 631053034 722550583 329670905 0 665428611 784384466 275109031 830221401 212169652 22030222 354969624 337608349 189519759 923006150 367216755 711078041 585386856 436002416 579158990 328783786 844208402
635654744 265100287 425457807 405918160 665428611 0 284808568 462572335 407994441 276913664 156885759 14435872 210130526 101351553 144817836 654261489 403688269 851236422 617789879 445743786 567330783 351580844
510652018 731318980 153538346 696571710 784384466 284808568 0 416845239 817188398 538518555 854060603 992571192 910963587 59162321 557483870 422844893 201030092 736036691 197715715 165931204 921381436 171307486
821944773 787162093 204755578 846163717 275109031 462572335 416845239 0 198240099 873861322 285432807 233567114 906711418 223315011 773089737 41500332 566859870 622742526 42030779 622280493 16538521 494317517
998567654 883295370 768028905 454228439 830221401 407994441 817188398 198240099 0 521029941 314669613 273264073 227112243 414188227 963826867 424053771 875160688 268418264 500160606 820911715 601441716 587020759
447815800 647071656 146411059 27389952 212169652 276913664 538518555 873861322 521029941 0 228020217 636128157 196778933 163164291 963815822 724134028 653735467 329323635 808239156 134015944 154057365 525655635
825453987 260512538 895388892 891364336 22030222 156885759 854060603 285432807 314669613 228020217 0 826581837 11384343 50895453 931005028 695356241 355911266 509838820 626782231 314280081 444889297 644351115
272525223 902567951 232479304 430299488 354969624 14435872 992571192 233567114 273264073 636128157 826581837 0 152916127 212612516 575703610 434173332 233565158 436951592 950845051 751861656 668775242 257842893
879566022 398274194 265877258 877819019 337608349 210130526 910963587 906711418 227112243 196778933 11384343 152916127 0 232994008 920148503 153223682 624713240 199530420 382881511 314803258 389699571 999339328
83720377 971537984 402943335 140276003 189519759 101351553 59162321 223315011 414188227 163164291 50895453 212612516 232994008 0 463455124 841550820 375952218 761541307 725183984 304520918 150650264 67812982
998858655 699391208 312321315 396981628 923006150 144817836 557483870 773089737 963826867 963815822 931005028 575703610 920148503 463455124 0 952444533 981376875 640056190 901773149 78689184 718392447 619492704
700146228 908498921 33244732 616043420 367216755 654261489 422844893 41500332 424053771 724134028 695356241 434173332 153223682 841550820 952444533 0 990927661 214618179 692369770 502127505 661912842 616628813
521863968 904805965 172907386 814413111 711078041 403688269 201030092 566859870 875160688 653735467 355911266 233565158 624713240 375952218 981376875 990927661 0 492720372 998677321 661335395 613259372 607644415
30877725 518320936 187467849 155175395 585386856 851236422 736036691 622742526 268418264 329323635 509838820 436951592 199530420 761541307 640056190 214618179 492720372 0 809526944 339088310 809922046 276509751
946333757 896314433 866837372 846496 436002416 617789879 197715715 42030779 500160606 808239156 626782231 950845051 382881511 725183984 901773149 692369770 998677321 809526944 0 365177473 846409059 837533434
821392025 352209375 950925868 784556219 579158990 445743786 165931204 622280493 820911715 134015944 314280081 751861656 314803258 304520918 78689184 502127505 661335395 339088310 365177473 0 358110030 892109891
681848203 396193608 323182914 927210774 328783786 567330783 921381436 16538521 601441716 154057365 444889297 668775242 389699571 150650264 718392447 661912842 613259372 809922046 846409059 358110030 0 773556222
474035152 946259346 72870149 684768667 844208402 351580844 171307486 494317517 587020759 525655635 644351115 257842893 999339328 67812982 619492704 616628813 607644415 276509751 837533434 892109891 773556222 0
