12
0 619815696 252310058 173570437 563006399 725892214 243394636 297308454 881482522 812408632 269557330 503633167 269937509 779143826 410202071 583469336 170310907 593984565 258334512 933897408 933081358 994647790 920961080 884787662
619815696 0 515061611 53115501 962414052 790564300 227670903 715035059 674858438 565968888 195751596 997435290 8245699 428353639 662235264 434421015 492696454 402921444 342603136 96882885 439419469 240041802 243963860 690713757
252310058 515061611 0 647246002 372504421 46440419 470574969 686272345 265050893 74876032 743721897 152754790 361931098 200529341 758442672 776794333 707703459 802447863 788723943 466584857 389304138 478061203 297881954 181516615
173570437 53115501 647246002 0 637013650 171456483 743056926 270881147 241181057 684824522 871025821 812295476 330576177 947541085 564988684 399014079 821541113 128694778 6290085 355337574 957247335 184291761 911071599 757427871
563006399 962414052 372504421 637013650 0 825035971 860156514 908959559 67524565 288258741 560743831 286164775 672356673 318517750 50030711 771028418 829227847 748770517 70988253 197418018 90466457 348006930 106706820 227428938
725892214 790564300 46440419 171456483 825035971 0 276814803 684117172 46751032 691486871 708084975 672500855 113008691 732108005 192899980 488812309 952659667 81503450 576935395 126753968 38449510 610375865 162342469 502922977
243394636 227670903 470574969 743056926 860156514 276814803 0 763108979 87798721 481145076 366433937 541060101 954025666 314830358 636878288 113201419 117310287 172026448 933618201 32502153 692117122 719827522 3495339 759447360
297308454 715035059 686272345 270881147 908959559 684117172 763108979 0 142291797 833175593 981304934 721468204 423388060 374056990 509910363 402115487 711387925 957585646 738372251 172125250 311506592 593407742 476365050 399800436
881482522 674858438 265050893 241181057 67524565 46751032 87798721 142291797 0 465286310 842031133 213412147 980217334 603563038 758727381 504680026 64795608 285312041 368367593 796387344 437377104 132120463 216021627 586277026
812408632 565968888 74876032 684824522 288258741 691486871 481145076 833175593 465286310 0 275932532 795432157 74520913 87628768 673864953 127602081 707979805 978978245 554206902 355957184 895724375 426921440 88308665 207218791
269557330 195751596 743721897 871025821 560743831 708084975 366433937 981304934 842031133 275932532 0 8894041 696665524 53627664 24094790 296332373 935683661 734961358 386976927 175993164 298256813 207042619 770129920 414517912
503633167 997435290 152754790 812295476 286164775 672500855 541060101 721468204 213412147 795432157 8894041 0 961749512 662243028 204369183 545602969 885596436 716467024 248176476 888994221 96486576 708471043 802406426 607883596
269937509 8245699 361931098 330576177 672356673 113008691 954025666 423388060 980217334 74520913 696665524 961749512 0 46494544 102574657 226976659 379113337 105975694 612397670 62670183 155058603 452043336 862075341 181983134
779143826 428353639 200529341 947541085 318517750 732108005 314830358 374056990 603563038 87628768 53627664 662243028 46494544 0 239592836 366832610 998836485 730254136 173226170 785771494 301932362 637720993 349567456 439997387
410202071 662235264 758442672 564988684 50030711 192899980 636878288 509910363 758727381 673864953 24094790 204369183 102574657 239592836 0 394669411 447752223 266383181 523956426 813096564 831516900 508764574 51529759 246945125
583469336 434421015 776794333 399014079 771028418 488812309 113201419 402115487 504680026 127602081 296332373 545602969 226976659 366832610 394669411 0 853973449 370323267 530405990 137513150 6981534 495066315 146252837 654279661
170310907 492696454 707703459 821541113 829227847 952659667 117310287 711387925 64795608 707979805 935683661 885596436 379113337 998836485 447752223 853973449 0 278111204 728782057 236917900 536892774 309608429 54610068 295426488
593984565 402921444 802447863 128694778 748770517 81503450 172026448 957585646 285312041 978978245 734961358 716467024 105975694 730254136 266383181 370323267 278111204 0 445294864 201297706 568931571 188342326 706369995 616174442
258334512 342603136 788723943 6290085 70988253 576935395 933618201 738372251 368367593 554206902 386976927 248176476 612397670 173226170 523956426 530405990 728782057 445294864 0 829253910 412825847 882262431 228568922 578912062
933897408 96882885 466584857 355337574 197418018 126753968 32502153 172125250 796387344 355957184 175993164 888994221 62670183 785771494 813096564 137513150 236917900 201297706 829253910 0 125580273 961962582 405902749 295736185
933081358 439419469 389304138 957247335 90466457 38449510 692117122 311506592 437377104 895724375 298256813 96486576 155058603 301932362 831516900 6981534 536892774 568931571 412825847 125580273 0 685869922 958221756 332595133
994647790 240041802 478061203 184291761 348006930 610375865 719827522 593407742 132120463 426921440 207042619 708471043 452043336 637720993 508764574 495066315 309608429 188342326 882262431 961962582 685869922 0 548507767 476131695
920961080 243963860 297881954 911071599 106706820 162342469 3495339 476365050 216021627 88308665 770129920 802406426 862075341 349567456 51529759 146252837 54610068 706369995 228568922 405902749 958221756 548507767 0 220655463
884787662 690713757 181516615 757427871 227428938 502922977 759447360 399800436 586277026 207218791 414517912 607883596 181983134 439997387 246945125 654279661 295426488 616174442 578912062 295736185 332595133 476131695 220655463 0
