14
0 593854780 398574287 856159044 897959467 365414420 177698736 790385608 45197227 299521019 788919889 114976625 881283159 77831074 373091348 229437057 104896623 857465411 233965479 813349475 648306575 320182511 240282617 259438938 503371072 220131018 891876417 712473131
593854780 0 788976243 114254919 111398696 337679526 357584675 990759750 945387021 942909163 683021465 560714478 809008057 665782924 720113224 774199838 239665398 129391034 886969075 419742961 554571176 804498423 861389802 669800436 134019936 556265942 986424187 304447354
398574287 788976243 0 114200465 817254789 710951047 758447611 184492365 92502582 676991201 622604318 65504300 541698849 155692845 830114330 81507370 853098427 549369172 762407588 942266577 206340945 864177416 356808679 923408260 563233685 766024323 259008104 662780877
856159044 114254919 114200465 0 186446802 789573292 176457426 753714133 58891131 36342929 812390851 529238635 987987009 989534339 213310114 564814870 477426179 960759057 139997414 72498958 658704413 149656835 482050318 42299802 264025019 176557566 109232470 459540696
897959467 111398696 817254789 186446802 0 685246131 374459427 226036667 413138615 783235524 63605318 357676416 399191669 884781196 885453709 988369986 670895539 603125608 723768185 2933810 398178970 60763927 579157689 536135745 761890166 113534304 892289547 523367767
365414420 337679526 710951047 789573292 685246131 0 565704244 722929998 871362769 165040568 607400963 458608777 344555105 963458248 119333376 235361130 396457003 978228859 831598183 743807703 485862303 240575490 269940041 225612111 83547146 222446583 956332557 274985422
177698736 357584675 758447611 176457426 374459427 565704244 0 618655643 767487197 892500423 901384786 523808223 476333768 267612372 129304022 526942785 308563627 194511995 544674269 58082591 141503678 795988017 828471502 790304019 196971743 247685404 390759367 452495591
790385608 990759750 184492365 753714133 226036667 722929998 618655643 0 667911405 62968048 492905004 511756768 362106830 633389464 394733723 344695892 658930201 41038816 549870962 725808165 692388294 384859928 32410193 723842726 597151187 490482432 643142388 408011377
45197227 945387021 92502582 58891131 413138615 871362769 767487197 667911405 0 517717538 369445359 446045738 779027120 219655197 528880697 627017455 496084447 27076700 317042175 326225820 946343258 823341409 656646083 831745025 265585635 761221214 966661675 341900003
299521019 942909163 676991201 36342929 783235524 165040568 892500423 62968048 517717538 0 681813248 410919770 946235712 126512278 138645440 895767356 610917353 837736835 502140515 909853204 177086058 24617853 51617219 968150969 8959044 807772440 187864401 352695739
788919889 683021465 622604318 812390851 63605318 607400963 901384786 492905004 369445359 681813248 0 211721201 128421667 119319899 183414027 829081401 258197233 86136197 561142234 596609344 252726810 366754642 234327264 28147968 143937269 439986201 229228368 234012677
114976625 560714478 65504300 529238635 357676416 458608777 523808223 511756768 446045738 410919770 211721201 0 294451512 681030301 554548512 938306783 898598362 303468885 664048225 847928790 939155322 386084445 58518929 36234946 59860595 991517470 522031719 510730229
881283159 809008057 541698849 987987009 399191669 344555105 476333768 362106830 779027120 946235712 128421667 294451512 0 401978432 317586930 525312315 817973154 303063161 725814491 670004335 360649943 411970037 188712500 350118785 665196875 252915509 625771892 413020766
77831074 665782924 155692845 989534339 884781196 963458248 267612372 633389464 219655197 126512278 119319899 681030301 401978432 0 328345198 69109287 120067583 157703940 745262307 655541271 187382259 790578852 278282556 294440538 811069631 41716463 576422395 442247024
373091348 720113224 830114330 213310114 885453709 119333376 129304022 394733723 528880697 138645440 183414027 554548512 317586930 328345198 0 941641707 449292238 596164535 965126904 777311676 498767216 198920271 723465217 518914137 894045360 972479765 213572780 727672510
229437057 774199838 81507370 564814870 988369986 235361130 526942785 344695892 627017455 895767356 829081401 938306783 525312315 69109287 941641707 0 72955416 917313287 287439915 240486705 371363352 483502308 402662467 631649310 545663475 906102546 541150769 716914917
104896623 239665398 853098427 477426179 670895539 396457003 308563627 658930201 496084447 610917353 258197233 898598362 817973154 120067583 449292238 72955416 0 575957429 737782515 576660924 742772672 399202255 81678905 491324345 517089768 31283305 492277351 605597164
857465411 129391034 549369172 960759057 603125608 978228859 194511995 41038816 27076700 837736835 86136197 303468885 303063161 157703940 596164535 917313287 575957429 0 491159116 170907063 324778776 105143128 408345447 878244307 676706893 450016392 420684251 390807764
233965479 886969075 762407588 139997414 723768185 831598183 544674269 549870962 317042175 502140515 561142234 664048225 725814491 745262307 965126904 287439915 737782515 491159116 0 889842755 793444443 260244358 499528400 137372446 615108601 570152484 631243536 969225206
813349475 419742961 942266577 72498958 2933810 743807703 58082591 725808165 326225820 909853204 596609344 847928790 670004335 655541271 777311676 240486705 576660924 170907063 889842755 0 426708527 694904341 888359839 352866735 360301778 307451596 251726106 730919856
648306575 554571176 206340945 658704413 398178970 485862303 141503678 692388294 946343258 177086058 252726810 939155322 360649943 187382259 498767216 371363352 742772672 324778776 793444443 426708527 0 851751174 196662961 965036351 119048624 900610121 841531765 665023898
320182511 804498423 864177416 149656835 60763927 240575490 795988017 384859928 823341409 24617853 366754642 386084445 411970037 790578852 198920271 483502308 399202255 105143128 260244358 694904341 851751174 0 361790528 876646455 27552917 942488323 137329218 351212972
240282617 861389802 356808679 482050318 579157689 269940041 828471502 32410193 656646083 51617219 234327264 58518929 188712500 278282556 723465217 402662467 81678905 408345447 499528400 888359839 196662961 361790528 0 859542802 635060672 617318478 722755497 552907878
259438938 669800436 923408260 42299802 536135745 225612111 790304019 723842726 831745025 968150969 28147968 36234946 350118785 294440538 518914137 631649310 491324345 878244307 137372446 352866735 965036351 876646455 859542802 0 332002624 413903872 379559544 705409398
503371072 134019936 563233685 264025019 761890166 83547146 196971743 597151187 265585635 8959044 143937269 59860595 665196875 811069631 894045360 545663475 517089768 676706893 615108601 360301778 119048624 27552917 635060672 332002624 0 877797333 556775498 751985413
220131018 556265942 766024323 176557566 113534304 222446583 247685404 490482432 761221214 807772440 439986201 991517470 252915509 41716463 972479765 906102546 31283305 450016392 570152484 307451596 900610121 942488323 617318478 413903872 877797333 0 521688732 815495346
891876417 986424187 259008104 109232470 892289547 956332557 390759367 643142388 966661675 187864401 229228368 522031719 625771892 576422395 213572780 541150769 492277351 420684251 631243536 251726106 841531765 137329218 722755497 379559544 556775498 521688732 0 367117252
712473131 304447354 662780877 459540696 523367767 274985422 452495591 408011377 341900003 352695739 234012677 510730229 413020766 442247024 727672510 716914917 605597164 390807764 969225206 730919856 665023898 351212972 552907878 705409398 751985413 815495346 367117252 0
