12
0 554661163 819285557 1692138 1715926 410420958 7672185 497805893 6630491 431538944 4091076 6522125 651227493 364774492 8498223 6183285 495066794 7810416 138715166 1755322 4271312 9744355 887543249 670515
554661163 0 579779481 2311033 9886667 173712317 4895944 758410412 4396323 304592071 1989476 5513080 147111598 357555877 1979647 1640379 716286144 9348225 310618859 9857835 1978429 1210201 404898 486653337
819285557 579779481 0 1712472 1334263 68751169 3180910 668555391 7177267 30364866 1742039 4653687 240378525 918568994 1574081 9091163 746399726 4349232 1562967 8333387 9235774 9835029 642247214 183754626
1692138 2311033 1712472 0 88345 5039303 34775120 5207070 554081117 1054792 206491701 113396702 2600964 3684284 655431450 811376290 1287328 263880345 7443826 334890758 746752812 242604267 2069626 9534072
1715926 9886667 1334263 88345 0 4061017 570970018 3450913 789916834 6984164 182257944 948668550 8015252 1090294 692774216 52367810 4361441 420354471 8099291 148557887 444541053 548165951 8592182 8682775
410420958 173712317 68751169 5039303 4061017 0 1280559 99394414 3208838 754251976 9467097 3202386 129454028 72263430 9511833 7690539 666617 4593073 630013647 6027578 7541528 9102909 795506952 505604995
7672185 4895944 3180910 34775120 570970018 1280559 0 1994128 369930236 4252881 248641231 327599773 1023264 3142534 99683423 87557184 9519900 66800748 8058924 619627491 1394111 353727882 4101525 3268739
497805893 758410412 668555391 5207070 3450913 99394414 1994128 0 2922289 72574247 2546051 5911242 695391 245325537 3988994 1495923 296510899 8012824 394194910 4127476 9136934 5188960 545457260 950686689
6630491 4396323 7177267 554081117 789916834 3208838 369930236 2922289 0 9119729 17241264 944764578 7856859 6527965 582512226 146767890 4017202 774953677 4162552 288556948 798609195 247906 6222458 1114054
431538944 304592071 30364866 1054792 6984164 754251976 4252881 72574247 9119729 0 1518590 7530407 413438555 79448 3727244 1626981 903938923 2402103 863425591 2450664 2472406 9284680 456326227 573415243
4091076 1989476 1742039 206491701 182257944 9467097 248641231 2546051 17241264 1518590 0 754652868 6990897 5164150 620761919 122592 7888169 905960574 5707335 994605599 669809643 846548866 4465613 8384322
6522125 5513080 4653687 113396702 948668550 3202386 327599773 5911242 944764578 7530407 754652868 0 5889543 1670600 990331727 332288527 5019979 749994 5638833 481416033 586590885 319647841 3744578 4261704
651227493 147111598 240378525 2600964 8015252 129454028 1023264 695391 7856859 413438555 6990897 5889543 0 405201550 3927031 2882813 757507813 1958669 503351799 7274312 8098013 6064721 289995380 913500387
364774492 357555877 918568994 3684284 1090294 72263430 3142534 245325537 6527965 79448 5164150 1670600 405201550 0 4765641 2332482 589159161 3167032 401874937 4612407 9921236 6413257 379227524 437431993
8498223 1979647 1574081 655431450 692774216 9511833 99683423 3988994 582512226 3727244 620761919 990331727 3927031 4765641 0 276017826 8637804 235212475 4303509 401864 736932598 251753136 2672065 3531735
6183285 1640379 9091163 811376290 52367810 7690539 87557184 1495923 146767890 1626981 122592 332288527 2882813 2332482 276017826 0 4292528 709486430 7041169 72583079 992844339 329615595 5743387 6873512
495066794 716286144 746399726 1287328 4361441 666617 9519900 296510899 4017202 903938923 7888169 5019979 757507813 589159161 8637804 4292528 0 7709064 764797091 2109854 5055768 7270399 575838843 33844961
7810416 9348225 4349232 263880345 420354471 4593073 66800748 8012824 774953677 2402103 905960574 749994 1958669 3167032 235212475 709486430 7709064 0 1693251 536146867 683883801 419117328 4509208 1562559
138715166 310618859 1562967 7443826 8099291 630013647 8058924 394194910 4162552 863425591 5707335 5638833 503351799 401874937 4303509 7041169 764797091 1693251 0 6545360 8535726 9131535 634405105 111842746
1755322 9857835 8333387 334890758 148557887 6027578 619627491 4127476 288556948 2450664 994605599 481416033 7274312 4612407 401864 72583079 2109854 536146867 6545360 0 869654716 973131817 4661893 1345846
4271312 1978429 9235774 746752812 444541053 7541528 1394111 9136934 798609195 2472406 669809643 586590885 8098013 9921236 736932598 992844339 5055768 683883801 8535726 869654716 0 297512115 1768232 3226028
9744355 1210201 9835029 242604267 548165951 9102909 353727882 5188960 247906 9284680 846548866 319647841 6064721 6413257 251753136 329615595 7270399 419117328 9131535 973131817 297512115 0 5651257 4963037
887543249 404898 642247214 2069626 8592182 795506952 4101525 545457260 6222458 456326227 4465613 3744578 289995380 379227524 2672065 5743387 575838843 4509208 634405105 4661893 1768232 5651257 0 707975616
670515 486653337 183754626 9534072 8682775 505604995 3268739 950686689 1114054 573415243 8384322 4261704 913500387 437431993 3531735 6873512 33844961 1562559 111842746 1345846 3226028 4963037 707975616 0
