13
0 1525761 6988113 1902767 3122515 5919421 8329354 719951255 67489324 117452281 182299665 358549673 529860230 1631178 6081660 958461209 380922799 9907924 2168819 420445928 369578277 859039672 651689 8888655 5524006 6546853
1525761 0 543970 396172927 87170535 177939231 52661891 3020029 7012488 3444991 7557717 3713217 6073078 621773373 209139876 5883183 8042206 582911539 601664517 2863745 4588951 5486212 8198597 918097686 232424090 795766048
6988113 543970 0 763833027 115385029 851291894 434699748 5100773 1732463 6357911 8106417 4549459 5922007 113005593 318509006 6886548 8747058 255113983 307332686 3356376 2847717 1454765 4329001 198750434 112496211 925408388
1902767 396172927 763833027 0 736187033 989556 835230402 5770311 2832820 6716718 7906376 8434672 9910914 708582272 718733646 3178155 9911157 994607679 993454178 8587176 1539958 5596023 2142780 130641255 583951805 534985769
3122515 87170535 115385029 736187033 0 488758845 405351476 2445328 8432151 8543714 6151655 8362050 5455491 241802887 103299165 2574764 7852337 410710511 321871 3238144 4755636 9058061 1997666 192232341 461547789 426277534
5919421 177939231 851291894 989556 488758845 0 465599673 8462208 6955291 9013425 7964775 8182579 6329688 307141906 348148513 4037634 6719913 259504348 956435279 1667018 6799315 9869811 8889335 976409161 958595212 841515222
8329354 52661891 434699748 835230402 405351476 465599673 0 5625920 1901574 2569973 6606178 1144777 4317081 132600157 160035492 9107528 6225502 410197952 836582568 5007554 9970107 3048221 4049713 679559752 114283 956812305
719951255 3020029 5100773 5770311 2445328 8462208 5625920 0 952519755 696951943 167244 763205004 82002889 6616978 8249561 80719962 891531377 2401553 7544308 379865161 575400601 710010743 609034708 5254913 3438850 4672908
67489324 7012488 1732463 2832820 8432151 6955291 1901574 952519755 0 530664 201029049 818865141 235131962 9916829 9410222 675442279 591742608 6777197 6472974 540350960 17996006 839737439 107639210 4170783 3283589 7811240
117452281 3444991 6357911 6716718 8543714 9013425 2569973 696951943 530664 0 749335316 157229406 160875328 8039274 3379347 838280816 190305554 1387117 6214320 297704669 367359245 732167126 983508801 6897001 7969939 4789749
182299665 7557717 8106417 7906376 6151655 7964775 6606178 167244 201029049 749335316 0 790034678 718499077 8987500 1254168 172750322 678356108 7221736 2625612 850924435 749853114 604602458 608579371 4697249 1989145 1985995
358549673 3713217 4549459 8434672 8362050 8182579 1144777 763205004 818865141 157229406 790034678 0 693981462 9855417 2273340 998952533 726073 4626925 1249356 899681168 604467520 624185752 42782817 9901801 8752377 7179288
529860230 6073078 5922007 9910914 5455491 6329688 4317081 82002889 235131962 160875328 718499077 693981462 0 2375030 9689314 725515 555233297 7022580 1943261 154916206 400039836 675363495 385067916 5115742 8708274 2655525
1631178 621773373 113005593 708582272 241802887 307141906 132600157 6616978 9916829 8039274 8987500 9855417 2375030 0 396584034 3558469 4277592 570925 383246248 8210841 2487693 3684240 1880829 497458428 609526138 402458164
6081660 209139876 318509006 718733646 103299165 348148513 160035492 8249561 9410222 3379347 1254168 2273340 9689314 396584034 0 1248442 9099550 305263645 117827096 1584096 9355804 9373052 5966526 499948 125406879 798578816
958461209 5883183 6886548 3178155 2574764 4037634 9107528 80719962 675442279 838280816 172750322 998952533 725515 3558469 1248442 0 596654853 5055817 7993836 74580262 758392867 601524791 399032760 1473678 7107629 9314963
380922799 8042206 8747058 9911157 7852337 6719913 6225502 891531377 591742608 190305554 678356108 726073 555233297 4277592 9099550 596654853 0 3198387 1427577 64571460 171319459 44077561 571788183 7570719 5542906 7455055
9907924 582911539 255113983 994607679 410710511 259504348 410197952 2401553 6777197 1387117 7221736 4626925 7022580 570925 305263645 5055817 3198387 0 280033041 1594299 4259319 2417288 5386645 606195420 219782843 510861946
2168819 601664517 307332686 993454178 321871 956435279 836582568 7544308 6472974 6214320 2625612 1249356 1943261 383246248 117827096 7993836 1427577 280033041 0 5113067 5931565 4000715 1380120 92310184 330281129 399930802
420445928 2863745 3356376 8587176 3238144 1667018 5007554 379865161 540350960 297704669 850924435 899681168 154916206 8210841 1584096 74580262 64571460 1594299 5113067 0 232964241 931771232 178753823 2551112 1751109 7745439
369578277 4588951 2847717 1539958 4755636 6799315 9970107 575400601 17996006 367359245 749853114 604467520 400039836 2487693 9355804 758392867 171319459 4259319 5931565 232964241 0 240538 613803194 6566516 6152796 8347466
859039672 5486212 1454765 5596023 9058061 9869811 3048221 710010743 839737439 732167126 604602458 624185752 675363495 3684240 9373052 601524791 44077561 2417288 4000715 931771232 240538 0 737568024 8378689 9023239 2752247
651689 8198597 4329001 2142780 1997666 8889335 4049713 609034708 107639210 983508801 608579371 42782817 385067916 1880829 5966526 399032760 571788183 5386645 1380120 178753823 613803194 737568024 0 6661592 6577094 5006107
8888655 918097686 198750434 130641255 192232341 976409161 679559752 5254913 4170783 6897001 4697249 9901801 5115742 497458428 499948 1473678 7570719 606195420 92310184 2551112 6566516 8378689 6661592 0 68497920 162612131
5524006 232424090 112496211 583951805 461547789 958595212 114283 3438850 3283589 7969939 1989145 8752377 8708274 609526138 125406879 7107629 5542906 219782843 330281129 1751109 6152796 9023239 6577094 68497920 0 373044262
6546853 795766048 925408388 534985769 426277534 841515222 956812305 4672908 7811240 4789749 1985995 7179288 2655525 402458164 798578816 9314963 7455055 510861946 399930802 7745439 8347466 2752247 5006107 162612131 373044262 0
