12
0 971081323 7260118 8197744 3591636 334895150 1221183 5479400 105013732 1673944 1254664 7557738 267598129 2311119 47385224 9016278 617248727 55743473 3747621 957114968 954285864 8482760 53813 467886277
971081323 0 2870150 6468355 2837444 157719740 9848912 1151508 190533486 2588696 9153248 3670099 612528122 8624854 163151341 4527778 290573663 615033663 4430625 211158 126553610 4723157 313384472 641106164
7260118 2870150 0 632141434 76735674 7429402 103701655 793684995 5558181 150275914 577541429 995189167 8848073 720717211 9755193 87176028 8758001 1087168 676365 3807217 2286708 822019285 3624055 3302969
8197744 6468355 632141434 0 8308617 4030891 261860184 652018327 1007392 411159899 972802983 289167016 6920003 743227453 8628619 774416417 6055259 1859487 388623019 4471127 9295040 254051461 3376331 1194392
3591636 2837444 76735674 8308617 0 4299870 352715620 675851899 7879377 459469076 698219684 876004771 6433508 451872555 4769463 238523777 9091513 6805189 301820803 2751314 2984004 101560808 1677473 9260314
334895150 157719740 7429402 4030891 4299870 0 7265971 4538830 13454361 6221621 4868693 1599570 170181 3045098 51832328 9844201 129861762 925458191 4024812 605617292 504330288 8955037 896260468 150665599
1221183 9848912 103701655 261860184 352715620 7265971 0 113102154 3827374 792812959 60243353 837718994 2037561 510696418 9759700 715422 8665190 9174638 650643383 6852346 2320644 243684207 6393567 8713276
5479400 1151508 793684995 652018327 675851899 4538830 113102154 0 5994278 597871013 624930429 869254945 6515108 423313 9857876 275787342 2613604 8210968 932613752 7570842 8895473 702515380 3498020 2771225
105013732 190533486 5558181 1007392 7879377 13454361 3827374 5994278 0 9588146 6320817 4005599 436487365 5536688 307897244 3058269 435432838 1126582 8080586 983762906 672984197 1421685 841815593 34767886
1673944 2588696 150275914 411159899 459469076 6221621 792812959 597871013 9588146 0 57861895 333795 3843169 383904605 1421733 456463071 5676423 6255270 800154805 4471809 6225427 288513163 6644856 4791975
1254664 9153248 577541429 972802983 698219684 4868693 60243353 624930429 6320817 57861895 0 436853709 1797343 858822928 2424104 566009813 7459109 4417290 447617007 9889394 2350676 950988 3512418 1308463
7557738 3670099 995189167 289167016 876004771 1599570 837718994 869254945 4005599 333795 436853709 0 1848561 430787886 9708997 738681901 2951377 1795118 494408417 6186339 7062316 493974465 6662843 2384758
267598129 612528122 8848073 6920003 6433508 170181 2037561 6515108 436487365 3843169 1797343 1848561 0 6323479 530801108 7923173 639437906 475307165 6261182 205550734 313758913 4077965 304510819 623343245
2311119 8624854 720717211 743227453 451872555 3045098 510696418 423313 5536688 383904605 858822928 430787886 6323479 0 4022261 219012924 1168171 3093734 404058852 4227497 5542088 131422142 2318442 2613583
47385224 163151341 9755193 8628619 4769463 51832328 9759700 9857876 307897244 1421733 2424104 9708997 530801108 4022261 0 7846478 51376496 586392392 4433480 917522815 350153 2321374 478288215 539537053
9016278 4527778 87176028 774416417 238523777 9844201 715422 275787342 3058269 456463071 566009813 738681901 7923173 219012924 7846478 0 4458237 2881801 607735775 5317043 7018429 642184012 3829776 2555199
617248727 290573663 8758001 6055259 9091513 129861762 8665190 2613604 435432838 5676423 7459109 2951377 639437906 1168171 51376496 4458237 0 254219062 5278144 635545811 614546442 2740365 818046234 206990
55743473 615033663 1087168 1859487 6805189 925458191 9174638 8210968 1126582 6255270 4417290 1795118 475307165 3093734 586392392 2881801 254219062 0 8838236 461007040 199490055 3791078 212305796 507531720
3747621 4430625 676365 388623019 301820803 4024812 650643383 932613752 8080586 800154805 447617007 494408417 6261182 404058852 4433480 607735775 5278144 8838236 0 8855415 2636854 601025760 4142752 4636714
957114968 211158 3807217 4471127 2751314 605617292 6852346 7570842 983762906 4471809 9889394 6186339 205550734 4227497 917522815 5317043 635545811 461007040 8855415 0 812344469 1359469 950133678 196155763
954285864 126553610 2286708 9295040 2984004 504330288 2320644 8895473 672984197 6225427 2350676 7062316 313758913 5542088 350153 7018429 614546442 199490055 2636854 812344469 0 5845846 980401166 859284771
8482760 4723157 822019285 254051461 101560808 8955037 243684207 702515380 1421685 288513163 950988 493974465 4077965 131422142 2321374 642184012 2740365 3791078 601025760 1359469 5845846 0 8580237 3797488
53813 313384472 3624055 3376331 1677473 896260468 6393567 3498020 841815593 6644856 3512418 6662843 304510819 2318442 478288215 3829776 818046234 212305796 4142752 950133678 980401166 8580237 0 108866886
467886277 641106164 3302969 1194392 9260314 150665599 8713276 2771225 34767886 4791975 1308463 2384758 623343245 2613583 539537053 2555199 206990 507531720 4636714 196155763 859284771 3797488 108866886 0
