13
0 299350919 898483 554551820 5187285 4327328 6969135 9924820 8521217 89212080 749207922 1140918 1806943 2373253 805604378 491648107 9345925 303293253 7394928 5647181 913687964 963521288 560153634 3166159 307236470 6514353
299350919 0 991348291 183563204 2975535 2192864 2386866 9914355 2792835 859314 935502457 9032547 2327579 6583891 296061009 867324254 9909220 160008841 3036483 4008857 579705746 370714338 297171174 7792380 809676445 1531099
898483 991348291 0 225749631 4379846 8123495 4471506 3062955 2769058 496984074 233950684 3263669 3293192 4542551 881489386 538591476 7791164 535478376 3848403 9938201 509443744 431034751 979447534 6776139 158196344 6096807
554551820 183563204 225749631 0 1341234 3470626 8036259 4175486 6366457 978530490 136000403 1210343 2804593 4773819 27821585 383861367 1874784 481710931 8120086 1808225 696846959 801182893 837404858 7211672 37253233 1488702
5187285 2975535 4379846 1341234 0 176719667 386881165 690586806 864008252 6146868 6485232 665263910 353065343 726754293 8527161 1494113 384630214 2161699 82120562 240495854 3389321 1248611 4518316 405784 4108836 396672965
4327328 2192864 8123495 3470626 176719667 0 535067198 519382242 681995953 8429345 7124319 436817044 574404885 26719730 2143608 4132411 789524 9494375 127005573 701714502 5040630 3812296 8410910 602814303 8663244 204208047
6969135 2386866 4471506 8036259 386881165 535067198 0 721655626 502143173 2820301 1330868 579872146 419989615 994386494 2006685 3510307 962876140 4336490 986419815 637005662 3580817 5594757 7210810 385755870 9816024 792748
9924820 9914355 3062955 4175486 690586806 519382242 721655626 0 40916739 8642921 1892076 732207662 222999587 592672 2822312 6672015 308650689 3910099 929622674 33288675 7234950 7600407 8360502 123025195 2199204 695549935
8521217 2792835 2769058 6366457 864008252 681995953 502143173 40916739 0 4147859 9999711 687964704 642289817 165515467 9755893 3233103 723798901 4454940 705414078 516936738 6525489 8308138 6598105 258029306 5028664 352863063
89212080 859314 496984074 978530490 6146868 8429345 2820301 8642921 4147859 0 459847438 2413990 7915125 3396623 57088743 977140964 6073323 496332586 8661894 6505080 466035649 798743003 443754569 6977745 533629451 4193021
749207922 935502457 233950684 136000403 6485232 7124319 1330868 1892076 9999711 459847438 0 3390235 7413459 8373777 350257306 378343828 6814759 327596577 5183242 6204710 718130 150785710 241969779 1155510 215373112 3900005
1140918 9032547 3263669 1210343 665263910 436817044 579872146 732207662 687964704 2413990 3390235 0 477155538 847087570 4623392 6038036 709776751 9990231 524079 662383744 2461013 8721909 6154978 110928475 3276483 872462169
1806943 2327579 3293192 2804593 353065343 574404885 419989615 222999587 642289817 7915125 7413459 477155538 0 771043762 1290404 4514429 27764212 2637331 738591806 434377 9698715 4608043 1968216 577486345 3180671 440493622
2373253 6583891 4542551 4773819 726754293 26719730 994386494 592672 165515467 3396623 8373777 847087570 771043762 0 8592029 4059363 158309682 8548040 344130415 783836340 6995567 3266436 3270039 534759248 3550159 851555111
805604378 296061009 881489386 27821585 8527161 2143608 2006685 2822312 9755893 57088743 350257306 4623392 1290404 8592029 0 361977 3516184 560697772 1230739 4992576 113943124 132341445 700904417 4078757 686214743 6414237
491648107 867324254 538591476 383861367 1494113 4132411 3510307 6672015 3233103 977140964 378343828 6038036 4514429 4059363 361977 0 9261288 956214190 2687717 1304059 521002854 683013800 980249585 7814223 342417236 2498471
9345925 9909220 7791164 1874784 384630214 789524 962876140 308650689 723798901 6073323 6814759 709776751 27764212 158309682 3516184 9261288 0 2049351 81463925 571726149 1231940 7206501 6958265 769802599 4379722 351462069
303293253 160008841 535478376 481710931 2161699 9494375 4336490 3910099 4454940 496332586 327596577 9990231 2637331 8548040 560697772 956214190 2049351 0 4493587 6203025 536311037 638270 90010016 7950336 836327752 9096354
7394928 3036483 3848403 8120086 82120562 127005573 986419815 929622674 705414078 8661894 5183242 524079 738591806 344130415 1230739 2687717 81463925 4493587 0 868162982 7729178 9588290 4976826 84153916 5929941 572770838
5647181 4008857 9938201 1808225 240495854 701714502 637005662 33288675 516936738 6505080 6204710 662383744 434377 783836340 4992576 1304059 571726149 6203025 868162982 0 1128807 5361270 5670457 811076039 9194354 119745879
913687964 579705746 509443744 696846959 3389321 5040630 3580817 7234950 6525489 466035649 718130 2461013 9698715 6995567 113943124 521002854 1231940 536311037 7729178 1128807 0 242365883 621219763 8828020 949314834 2062411
963521288 370714338 431034751 801182893 1248611 3812296 5594757 7600407 8308138 798743003 150785710 8721909 4608043 3266436 132341445 683013800 7206501 638270 9588290 5361270 242365883 0 622901858 8728231 680278505 6317076
560153634 297171174 979447534 837404858 4518316 8410910 7210810 8360502 6598105 443754569 241969779 6154978 1968216 3270039 700904417 980249585 6958265 90010016 4976826 5670457 621219763 622901858 0 1642955 511249 7151051
3166159 7792380 6776139 7211672 405784 602814303 385755870 123025195 258029306 6977745 1155510 110928475 577486345 534759248 4078757 7814223 769802599 7950336 84153916 811076039 8828020 8728231 1642955 0 5742971 836720863
307236470 809676445 158196344 37253233 4108836 8663244 9816024 2199204 5028664 533629451 215373112 3276483 3180671 3550159 686214743 342417236 4379722 836327752 5929941 9194354 949314834 680278505 511249 5742971 0 7205327
6514353 1531099 6096807 1488702 396672965 204208047 792748 695549935 352863063 4193021 3900005 872462169 440493622 851555111 6414237 2498471 351462069 9096354 572770838 119745879 2062411 6317076 7151051 836720863 7205327 0
