4
0 77430940 89558199 169650707 446019133 693090110 581545695 473227184
77430940 0 61610954 219715555 251961251 760686287 283519921 521675771
89558199 61610954 0 426718780 163726604 275179217 520490411 903105474
169650707 219715555 426718780 0 670019092 98703115 16472253 848215050
446019133 251961251 163726604 670019092 0 222037846 724937610 105960075
693090110 760686287 275179217 98703115 222037846 0 667811849 300991190
581545695 283519921 520490411 16472253 724937610 667811849 0 144543014
473227184 521675771 903105474 848215050 105960075 300991190 144543014 0
