6
0 714825755 534642371 950076512 270441846 501664523 791090434 125884583 666686406 979506168 724048255 956025268
714825755 0 978551624 731375909 641486513 405489297 288900415 844028938 159217473 478601147 326758630 833899890
534642371 978551624 0 117743581 562076689 494868097 358593450 993440491 808929024 188691986 386417502 89597646
950076512 731375909 117743581 0 228145658 721112766 118661357 345528253 292592438 299705673 48185018 852937893
270441846 641486513 562076689 228145658 0 383332501 479444670 782009255 203337123 196020401 85455865 82146248
501664523 405489297 494868097 721112766 383332501 0 348314307 300091645 639230458 335580643 795711310 82582199
791090434 288900415 358593450 118661357 479444670 348314307 0 561480454 209873896 822863920 53765897 604316914
125884583 844028938 993440491 345528253 782009255 300091645 561480454 0 170037152 575223518 991922982 58016910
666686406 159217473 808929024 292592438 203337123 639230458 209873896 170037152 0 942580399 811343596 167759791
979506168 478601147 188691986 299705673 196020401 335580643 822863920 575223518 942580399 0 440669200 800708762
724048255 326758630 386417502 48185018 85455865 795711310 53765897 991922982 811343596 440669200 0 361371659
956025268 833899890 89597646 852937893 82146248 82582199 604316914 58016910 167759791 800708762 361371659 0
