7
0 265400178 356583448 279979391 2283423 96130562 398354940 516942577 277949615 186659922 488646941 956341507 252470035 792144407
265400178 0 433728926 202954799 506026074 443927865 636150133 227707239 886744521 941267937 941916414 940268164 229971398 525484600
356583448 433728926 0 551420078 68893034 215791767 623352801 617173609 225380156 344099386 371314622 189702833 498471790 52092094
279979391 202954799 551420078 0 979470682 178544053 596787415 749394 880395222 735016372 582433465 231509388 79313047 770192617
2283423 506026074 68893034 979470682 0 716315962 317781047 919272212 954510884 922259977 407442700 572426723 215069899 479597411
96130562 443927865 215791767 178544053 716315962 0 411838815 96364347 366309506 604907303 641691406 866192736 508302655 322031694
398354940 636150133 623352801 596787415 317781047 411838815 0 251975021 958754865 838814463 204669744 426643426 188625941 95811813
516942577 227707239 617173609 749394 919272212 96364347 251975021 0 648715641 808005875 690077585 268893368 82794096 141490219
277949615 886744521 225380156 880395222 954510884 366309506 958754865 648715641 0 116494295 146822231 437020050 998264089 583136265
186659922 941267937 344099386 735016372 922259977 604907303 838814463 808005875 116494295 0 766127041 914276882 22548855 23520004
488646941 941916414 371314622 582433465 407442700 641691406 204669744 690077585 146822231 766127041 0 151549314 553580404 940476602
956341507 940268164 189702833 231509388 572426723 866192736 426643426 268893368 437020050 914276882 151549314 0 274941316 238385503
252470035 229971398 498471790 79313047 215069899 508302655 188625941 82794096 998264089 22548855 553580404 274941316 0 664194123
792144407 525484600 52092094 770192617 479597411 322031694 95811813 141490219 583136265 23520004 940476602 238385503 664194123 0
